9.194595 9.32100406 9.32649555 9.37604152 9.41329055
8.36430801 8.64429236 8.64782911 8.68091643 8.92903108
8.83943338 8.95027007 8.97056205 8.97542793 9.01609268
9.27646537 9.2768705 9.30286601 9.32875213 9.3586306
9.54466046 9.71226197 9.77064151 9.78969139 9.82026533
8.33000312 8.56753294 8.5826865 8.65194188 8.68033692
9.44012911 9.622337 9.62492966 9.67377903 9.68092062
9.44251497 9.50983754 9.55478861 9.63601827 9.72457166
9.38393048 9.57181641 9.64315608 9.7318029 9.738209
9.08134997 9.23150169 9.51570871 9.5525294 9.59248085
